2 153
4 5705
21 9169
28 8467
28 -6827
32 9358
40 1942
40 2391
41 8716
53 5447
55 1538
61 5667
72 5765
73 9894
80 1322
83 4664
106 8253
113 7644
116 37
135 9741
140 2316
142 1842
148 9040
159 7446
159 6729
175 -5006
189 9629
193 9954
195 4966
212 6308
215 4626
238 1538
241 2929
248 1115
267 2704
271 2306
293 5021
300 9072
300 6777
335 6512
303 8636
337 3655
356 2052
412 1724
416 1107
422 1337
422 7753
424 8909
482 4221
490 4946
498 6413
503 2591
527 7410
532 537
538 7595
542 4350
548 9374
556 7348
559 4484
568 53
573 6900
580 467
585 4648
591 2421
608 2813
608 7616
621 600
635 1556
640 6224
648 2609
654 3195
663 4343
666 9314
671 5200
674 9796
675 9589
677 7157
687 2292
700 8190
702 6191
710 9156
736 2634
737 328
748 4886
778 9869
783 1416
792 322
797 5699
799 7892
814 712
819 -1003
821 3401
825 6423
832 4182
836 8617
839 932
855 5721
862 1329
874 1425
883 6549
900 145
904 3753
910 6279
911 2529
912 9866
931 3195
935 8286
938 6282
945 1701
947 5786
953 -4355
958 808
998 4313
987 9558
1001 481
1012 222
1017 5535
1018 466
1023 6292
1028 24
1051 4745
1054 8313
1056 2168
1058 9905
1060 -202
1063 9314
1068 5874
1071 -1833
1072 7518
1100 2270
1098 7192
1111 8480
1111 4802
1113 2625
1131 1023
1138 4181
1146 7505
1151 3031
1159 7222
1173 7900
1184 2413
1191 -9170
1200 5760
1238 7285
1245 3694
1260 2125
1284 2658
1293 2466
1313 3851
1334 8464
1338 2800
1339 1926
1348 2170
1361 227
1369 7164
1382 7086
1393 9577
1409 5627
1411 5423
1416 123
1422 3261
1434 1264
1426 5030
1457 771
1457 1153
1462 4924
1476 4940
142 3829
1478 8958
1497 3007
1497 6058
1503 2760
1528 6477
1545 4887
1552 4460
1560 7384
1595 8704
1587 6072
1617 4485
1623 9357
1626 9337
1627 9361
1630 9617
1637 8696
1634 4423
1641 4565
1655 2296
1659 6962
1670 6654
1687 4369
1694 2607
1710 1635
1718 -4675
1724 3754
1731 175
1749 3221
1754 -104
1754 5205
1758 7398
1763 2193
1774 6534
1775 176
1781 548
1784 4413
1810 4855
1825 7611
1833 2678
1840 8296
1847 9313
1867 2818
1883 -4932
1892 3831
1895 8685
1923 -2589
1924 9314
1928 2044
1934 8759
1947 5264
1954 3829
1959 9292
1962 9556
1979 6467
1979 1240
1982 601
1993 8683
1998 5824
2003 5759
2012 -8027
2018 5498
2018 3847
2029 1221
2047 9010
2053 8240
2054 7619
2072 6704
2074 750
2075 1539
2082 1098
2088 3648
2104 2913
2118 8712
2142 1769
2154 3985
2161 2865
2162 5508
2170 8323
2179 7152
2179 -9763
2187 3527
2190 4015
2195 1543
2203 2943
2206 6463
2233 1588
2257 2060
2258 9954
2270 690
2276 1430
2287 7067
2303 8035
2317 7038
2324 -1224
2327 2257
2336 4955
2352 -5411
2356 2549
2361 9515
2363 8075
2363 1196
2386 426
2393 4429
2409 626
2423 93
2431 4736
2439 5994
2448 3936
2468 1355
2469 8230
2493 2011
2498 1650
2503 893
2503 3452
2504 5454
2508 6303
2510 1124
2525 7109
2525 1080
2549 4050
2554 5264
2570 9643
2570 3561
2578 1282
2588 2220
2593 3831
2597 259
2609 -3971
2611 6504
2611 5313
2619 -2722
2625 1461
2630 9961
2648 1515
2668 8869
2669 3971
2676 6215
2677 8330
2685 9288
2699 6085
2701 4774
2702 5951
2716 1679
2717 3073
2725 -8132
2726 8
2740 1723
2741 5184
2741 1885
2745 1333
2750 4295
2750 9676
2756 2598
2757 4686
2758 2249
2765 6679
2795 8405
2816 7516
2830 9087
2843 1340
2848 1662
2850 9309
2860 7124
2862 1762
2883 4806
2888 1907
2925 1012
2927 4114
2935 3556
2937 9996
2951 5345
2955 7491
2963 114
2993 4722
2995 1052
3022 8238
3024 866
3030 8486
3034 6633
3041 8392
3049 647
3053 807
3053 4600
3061 8352
3063 540
3064 8762
3065 8397
3072 5828
3093 4230
3101 658
3102 940
3152 5162
3165 792
3169 6398
3181 6946
3186 -8638
3194 1521
3196 528
3210 -905
3232 4161
3245 7469
3251 8350
3264 910
3271 8337
3281 7636
3333 1591
3335 2505
3340 6337
3342 9970
3357 9281
3359 8373
3370 9876
3392 7572
3393 8819
3394 1941
3396 -5565
3407 1450
3430 1064
3434 6074
3445 9695
3455 3161
3481 7358
3487 9426
3492 774
3503 3552
3517 5495
3523 1364
3525 4460
3537 6821
3548 -1577
3559 7594
3579 754
3580 1672
3584 9762
3588 4415
3589 1759
3597 9486
3602 5945
3608 8700
3639 1787
3652 974
3656 8283
3676 2376
3684 2723
3687 4776
3694 2182
3699 8925
3716 5969
3730 5677
3737 -1991
3743 7727
3758 697
3775 1027
3779 9508
3789 4237
3811 2501
3822 2111
3838 1192
3840 681
3844 7713
3850 5472
3869 4901
3878 3877
3879 4364
3882 2237
3888 6595
3902 2042
3925 7926
3931 2528
3977 7213
3977 1286
3992 4472
4016 5841
4021 4867
4031 1881
4041 8614
4042 2661
4081 807
4084 9435
4084 7586
4117 9763
4119 8360
4125 9492
4146 6766
4179 1599
4196 7328
4197 1244
4213 9252
4214 9535
4216 3497
4227 2015
4229 6100
4229 9523
4235 8633
4243 9854
4270 4919
4272 2931
4309 3487
4313 8483
4320 8252
4326 5834
4343 2785
4346 8791
4353 3549
4360 971
4365 193
4380 3826
4381 6582
4387 418
4390 3449
4398 380
4399 208
4408 5370
4414 2074
4423 9019
4464 -2890
4472 9932
4474 4954
4484 -396
4486 2599
4488 9198
4489 2584
4507 7006
4515 8882
4520 1758
4522 7095
4523 5678
4575 5058
4580 4007
4593 2995
4599 7753
4609 5565
4623 -6172
4625 168
4629 5973
4637 5651
4667 1577
4676 9916
4680 5469
4681 693
4684 6949
4688 6052
4693 9487
4700 6955
4712 180
4723 7065
4734 2578
4757 4140
4767 2445
4771 -3489
4779 3865
4790 7007
4791 6367
4801 7641
4804 6705
4833 6538
4844 4208
4854 5759
4860 7666
4883 2028
4893 9253
4902 2503
4937 9082
4944 2106
4945 7296
4948 4455
4962 8318
4962 9859
4975 9253
4984 -1643
5005 4747
5021 5678
5071 4961
5072 6363
5075 1561
5084 8274
5093 1181
5097 8110
5117 7172
5123 2112
5128 8247
5131 8805
5147 3989
5158 -5431
5177 6578
5185 7171
5204 6697
5220 4788
5255 1969
5281 4015
5302 9168
5314 2097
5318 5199
5350 9199
5391 8271
5395 6085
5436 1331
5441 3444
5452 4360
5529 6431
5537 -268
5542 1311
5545 406
5547 9413
5547 38
5547 3289
5563 3093
5567 761
5589 9501
5589 5665
5598 5084
5602 221
5615 4872
5629 3343
5631 6080
5651 3713
5679 7216
5680 -7040
5697 663
5725 7936
5750 -1874
5783 8976
5787 4071
5790 9156
5791 7905
5791 1562
5808 1080
5814 1202
5821 5340
5821 1493
5829 474
5834 8880
5844 3400
5869 666
5871 -2481
5890 6225
5898 8136
5903 -5043
5912 4512
5928 7368
5934 7650
5944 2759
6018 5303
6021 4199
6021 8661
6036 8753
6038 5987
6064 83
6097 2718
6113 7229
6125 4769
6129 -1047
6142 3276
6153 7679
6173 -4710
6177 8470
6193 3955
6193 5006
6202 3487
6216 2088
6224 5993
6253 8965
6266 1807
6268 3134
6287 2998
6321 4218
6321 7372
6321 9264
6334 -3490
6336 1197
6343 363
6362 -7721
6363 8610
6366 5022
6371 3015
6379 8738
6407 1608
6410 2707
6422 144
6428 3154
6430 2225
6446 1981
6459 8223
6461 8846
6473 8805
6474 -489
6483 4697
6488 3224
6493 4474
6500 3855
6519 1056
6528 7075
3293 6741
6538 2779
6540 667
6602 4118
6608 2119
6617 4091
6624 6060
6630 3432
6632 4875
6634 8074
6640 -476
6646 6290
6652 3591
6653 -1490
6671 7063
6687 7005
6705 1695
6705 3998
6724 9515
6737 5826
6740 4828
6741 8978
6748 6943
6766 7349
6790 502
6792 8346
6798 8413
6814 -1690
6816 9410
6816 6260
6819 3874
6828 2566
6840 8588
6853 9467
6858 3189
6867 1547
6878 9099
6893 1203
6895 1570
6919 5967
6923 1531
6923 7975
6924 1495
6925 6803
6932 7450
6941 9383
6948 4642
6962 -7954
6969 5333
6972 103
6979 722
6995 8990
7011 3258
7035 9658
7080 2683
7091 5568
7093 6135
7103 6742
7124 3188
7200 1357
7206 7469
7209 1913
7223 5385
7226 9462
7233 -1069
7240 2074
7251 2244
7253 4118
7260 9552
7282 9731
7291 5869
7311 7103
7330 8053
7355 1088
7371 9850
7375 1911
7391 8580
7393 9876
7415 4615
7421 1635
7432 1662
7432 9420
7437 5841
7448 3917
7451 3698
7452 65
555 5619
7462 9130
7465 4589
7479 9172
7489 2295
7498 8490
7504 1071
7511 643
7514 7037
7530 274
7531 7461
7531 2307
7534 -8423
7537 8703
7540 3661
7549 386
7577 9601
7591 1497
7591 8058
7605 581
7615 4287
7616 4979
7624 530
7627 205
7633 4459
7649 3760
7651 -481
7668 8596
7673 538
7692 -1476
7711 6760
7713 5433
7746 726
7759 2759
7762 7273
7773 2933
7807 3690
7809 4668
7815 989
7825 1647
7832 669
7833 5449
7843 123
7864 8154
7882 3967
7892 6704
7909 308
7918 2667
7922 3930
7929 6090
7938 1604
7958 7195
7958 7589
7961 7889
7967 3818
7968 26
7975 66
7982 2570
7984 8641
8007 1109
8007 1085
8009 4755
8019 5502
8022 6424
8028 885
8029 889
8074 4925
8074 5045
8102 3855
8114 4773
8115 2675
8116 1001
8127 5974
8128 1071
8133 2145
8135 8718
8135 3037
8146 7162
8149 8047
8160 231
8162 -5858
8164 7199
8166 675
8182 3773
8184 6897
8194 9203
8217 134
8240 8382
8245 7478
8245 8721
8255 1677
8262 5981
8283 8862
8297 5095
8300 -5137
8317 2944
8321 7058
8329 -677
8360 8891
8365 6915
8387 841
8388 2536
8394 700
8396 4241
8402 5227
8419 324
8433 2885
8434 6862
8440 1909
8443 7085
8448 4193
8458 -5765
8470 3784
8476 9834
8479 8085
8493 7998
8503 5621
8503 1376
8509 8108
8519 6068
8538 2438
8546 4318
8551 6339
8570 4632
8570 3787
8584 5020
8610 1988
8630 3642
8631 104
8633 9833
8634 6533
8650 6385
8662 2161
8664 9578
8666 3063
8678 415
8686 5012
8692 6251
8703 6124
8707 7584
8714 4489
8717 1790
8723 4855
8762 8472
8768 3543
8786 7651
8786 761
8787 2729
8793 2451
8805 3519
8823 2494
8823 383
8828 8607
8864 5471
8866 9947
8888 1229
8896 7887
8915 7470
8928 8522
8932 7553
8962 1259
9007 4629
9011 2045
9022 3154
9033 7760
9058 6738
9065 4314
9072 4007
9078 9722
9097 5463
9102 3793
9103 3043
9105 6626
9126 620
9130 8964
9135 4693
9151 3000
9152 7551
9161 943
9174 361
9174 5144
9200 4504
9221 308
9232 6464
9250 3837
9261 6611
9273 3832
9292 6991
9310 8498
9331 8400
9334 2317
9353 1441
9375 7028
9385 3973
9396 6569
9405 5367
9412 -5230
9412 8310
9421 3171
9445 -2764
9447 6115
9447 2657
9458 7171
9489 2530
9490 5790
9497 6586
9510 9631
9512 6610
9539 8259
9561 8119
9569 6300
9576 1458
9601 806
9608 4272
9611 6333
9617 471
9621 2241
9662 2033
9658 5329
9664 2208
9668 2506
9669 1897
9677 4469
9681 2795
9690 3509
9711 6134
9714 2258
9733 1693
9734 8140
9758 5174
9761 -9551
9761 1292
9771 613
9779 -2389
9781 1744
9790 8569
9790 6292
9810 2527
9814 8705
9815 8913
9815 6203
9832 4381
9855 1048
9873 2511
9882 1127
9895 1862
9897 3817
9909 5100
9905 3154
9912 5831
9916 -5623
9926 211
9964 6880
9975 1321
9976 443
9981 4671
9993 9375
121